Part 1
[22,27,16,2,18,6] -> Insertion Sort

1.  [22,27,16,2,18,6]
    [2,27,16,22,18,6] 
    [2,6,16,22,18,27]
    [2,6,16,18,22,27]


2.  [22,27,16,2,18,6]   n
    [2,27,16,22,18,6]  (n-1)
    [2,6,16,22,18,27]  (n-2) 
    [2,6,16,18,22,27]    1
	
n + ( n-1) + ( n- 2 ) + 1 = (n . (n+1)) / 2  =(n^2 + n) / 2   Big-O = O(n^2)
		
	                                                         


3-4.Average Case


Part 2 

1. [7,3,5,8,2,9,4,15,6] 

 [7,3,5,8,2,9,4,15,6]  
 [2,3,5,8,7,9,4,15,6] -> 1. Ad覺m 
 [2,3,4,8,7,9,5,15,6] -> 2. Ad覺m
 [2,3,4,5,7,9,8,15,6] -> 3. Ad覺m
 [2,3,4,5,6,9,8,15,7] -> 4. Ad覺m